1979
42983
33260
49508
87009
34587
26023
92543
47433
91520
65032
91908
6575
25897
30095
87880
74110
18220
40830
53404
88
32568
77512
74210
92648
13815
18710
28968
21255
81239
21481
15550
44096
78552
36501
91521
79470
81737
44402
62698
55024
71935
84653
77570
56894
58283
39587
28195
54800
67127
65925
93040
4090
52728
26301
12101
14596
48343
57173
17675
49500
95177
54740
71378
95404
20443
20680
3023
89516
96967
98816
20139
92126
12513
42724
11096
54683
72822
77142
83535
98441
8684
98938
57400
1574
20807
12884
36409
3468
13641
77367
41775
94579
56095
38748
70898
66713
84393
15437
51887
15916
11378
95913
18886
79466
77237
66196
86266
68287
13829
50583
77613
69692
75601
21526
19817
31339
40976
70187
37800
46188
88490
26620
54879
79867
70650
43920
54328
21973
66721
16984
31453
66203
69429
76695
80985
51676
87328
50283
77506
46324
59698
60869
66004
52318
54905
89943
89556
74228
56749
61770
45781
85130
84483
8048
28973
9382
24717
48262
64479
11588
1497
90022
48585
50502
68516
97335
95393
35478
17912
61147
68736
13326
48626
63064
90554
4998
60804
62499
75791
94704
66448
53581
82723
80873
5175
78268
88169
96563
49611
11784
82411
80101
62404
14191
1953
31316
1527
13593
1317
33018
56978
7024
87399
14082
61052
17415
23584
27937
85932
23559
76872
87406
71052
87275
90795
82767
8436
22423
99921
8421
79555
54596
22426
55309
65874
55183
42207
29659
56674
46866
17528
67685
4530
29128
87108
45346
99538
6068
75300
6340
38588
25873
57527
88056
60152
38972
96126
8438
20414
40462
1375
35659
91326
66740
96717
64496
40640
87443
88153
43523
48823
62390
85646
59987
74561
83097
35240
37575
86421
5479
93288
72378
42139
75099
11970
47958
22915
39693
65973
78603
88682
40370
87589
79824
78497
92550
3237
32705
31374
51901
14123
88162
35783
94095
51401
12133
323
90615
83771
86246
28300
80654
97778
65347
16246
23311
6748
42554
53862
47729
51753
10358
80441
83724
96523
72793
99822
40888
29692
68861
43283
54633
5025
96858
84098
94110
71237
61891
23063
82177
82331
54354
34633
44571
66394
38210
39469
81555
86641
46239
94960
99912
75935
61195
90456
7371
24471
36885
63912
31649
35137
62679
8680
95418
44017
48233
82745
54687
96722
62120
33610
56916
5084
25500
68346
81665
23497
2113
49930
58094
38072
34340
11619
73085
77271
88489
85975
26364
174
15988
41317
9106
49894
6418
58193
33206
55697
34169
64246
37031
10228
84730
54172
4256
17544
95489
77765
40138
31817
16753
25350
1983
58556
37198
7356
69285
43441
331
64294
98284
22556
81613
65157
33794
29686
74676
89366
4943
94809
45647
89461
15914
38796
84348
52468
61175
99860
87213
22008
19379
8656
74355
67869
22037
79928
81444
6491
16212
94923
36031
28482
92408
1127
34983
42384
7607
50186
54046
45780
96564
56823
88389
24886
90542
75645
21436
80932
54044
80797
87097
50382
69619
95849
13619
59254
44146
33492
96485
69617
15532
29466
12493
691
18532
44968
59472
52333
75641
18722
49037
756
66177
4486
93848
56578
12190
33204
28000
55926
84203
76452
13057
83594
55472
53430
91107
54136
80139
27848